image_width: 1920
image_height: 1080
camera_name: my_cameras
camera_matrix:
  rows: 3
  cols: 3
  data:
  - 1421.9479938722936
  - 0.0
  - 970.441979007635
  - 0.0
  - 1419.3236659814756
  - 543.7599123574774
  - 0.0
  - 0.0
  - 1.0
distortion_model: plumb_bob
distortion_coefficients:
  rows: 1
  cols: 5
  data:
  - 0.04493198190789422
  - -0.19770092882368792
  - 0.0024846689517225217
  - 0.0014217552460464241
  - 0.12549033894282177
rectification_matrix:
  rows: 3
  cols: 3
  data:
  - 1.0
  - 0.0
  - 0.0
  - 0.0
  - 1.0
  - 0.0
  - 0.0
  - 0.0
  - 1.0
projection_matrix:
  rows: 3
  cols: 4
  data:
  - 1421.9479938722936
  - 0.0
  - 970.441979007635
  - 0.0
  - 0.0
  - 1419.3236659814756
  - 543.7599123574774
  - 0.0
  - 0.0
  - 0.0
  - 1.0
  - 0.0
